##TITLE= Parameter file, TopSpin 3.5 pl 6
##JCAMPDX= 5.0
##DATATYPE= Parameter Values
##NPOINTS= 1	$$ modification sequence number
##ORIGIN= Bruker BioSpin GmbH
##OWNER= mphelan
$$ 2023-02-17 19:13:51.692 +0000  mphelan@CZC5261D3M
$$ /opt/marie/data/met_test/nmr/Morgan_1D_230216_7/40/pdata/1/clevels
$$ process /opt/topspin3.5pl6/prog/mod/xwish3
##$LEVELS= (0..255)
9952.57 -9952.57 12808.77 -12808.77 16484.64 -16484.64 21215.42 -21215.42
27303.84 -27303.84 35139.52 -35139.52 45223.89 -45223.89 58202.27 -58202.27
74905.21 -74905.21 96401.56 -96401.56 124066.96 -124066.96 159671.79 -159671.79
205494.52 -205494.52 264467.5 -264467.5 340364.59 -340364.59 438042.68
-438042.68 563752.5 -563752.5 725538.63 -725538.63 933754.26 -933754.26
1201723.78 -1201723.78 0 0 0 0 0 0 0 0 0 0 0 0 0 0 0 0 0 0 0 0 0 0 0 0
0 0 0 0 0 0 0 0 0 0 0 0 0 0 0 0 0 0 0 0 0 0 0 0 0 0 0 0 0 0 0 0 0 0 0 0
0 0 0 0 0 0 0 0 0 0 0 0 0 0 0 0 0 0 0 0 0 0 0 0 0 0 0 0 0 0 0 0 0 0 0 0
0 0 0 0 0 0 0 0 0 0 0 0 0 0 0 0 0 0 0 0 0 0 0 0 0 0 0 0 0 0 0 0 0 0 0 0
0 0 0 0 0 0 0 0 0 0 0 0 0 0 0 0 0 0 0 0 0 0 0 0 0 0 0 0 0 0 0 0 0 0 0 0
0 0 0 0 0 0 0 0 0 0 0 0 0 0 0 0 0 0 0 0 0 0 0 0 0 0 0 0 0 0 0 0 0 0 0 0
0 0 0 0 0 0 0 0 0 0 0 0
##$LEVSIGN= 3
##$MAXLEV= 20
##$METHOD= 0
##$NEGBASE= -9952.57
##$NEGINCR= 1.8
##$POSBASE= 9952.57
##$POSINCR= 1.8
##END=
